# Created by Octave 3.2.4, Fri Apr 26 21:09:03 2013 IST <johnny@ubuntu>
# name: john10
# type: matrix
# rows: 1
# columns: 10
 -28015.45703 -27638.80273 -26649.98438 -26122.86328 -25706.50781 -25477.16211 -25275.28125 -25060.60156 -24610.11523 -21417.99414
# name: rcollins
# type: matrix
# rows: 1
# columns: 15
 -25289.44531 -23807.58203 -23719.82031 -23591.69141 -23271.74219 -23250.19336 -22908.79102 -22899.07617 -22843.89844 -22732.67383 -22577.87109 -22571.80469 -22501.61719 -22102.47461 -21410.45703
# name: karl
# type: matrix
# rows: 1
# columns: 10
 -25582.37891 -24928.67773 -24721.79492 -24599.60938 -24494.51953 -24332.63477 -24197.64453 -23977.28125 -23684.36133 -23625.60547
# name: moc
# type: matrix
# rows: 1
# columns: 10
 -34100.57422 -33569.92188 -33130.44531 -31317.06445 -29495.83203 -28694.0625 -28466.32227 -27300.66406 -27222.45898 -27009.47852
# name: nrooney
# type: matrix
# rows: 1
# columns: 10
 -28269.48828 -26469.47461 -24875.17773 -24658.99609 -24492.64258 -23953.05664 -23901.13867 -23544.77539 -22885.56641 -22523.13477
# name: sarahjane
# type: matrix
# rows: 1
# columns: 10
 -24612.16016 -24483.86914 -23371.21875 -23367.46875 -22467.3418 -22356.14258 -21699.56055 -21508.97656 -21502.22852 -21314.29688
# name: sarahjane_robert
# type: matrix
# rows: 1
# columns: 25
 -25289.44531 -24612.16016 -24483.86914 -23807.58203 -23719.82031 -23591.69141 -23371.21875 -23367.46875 -23271.74219 -23250.19336 -22908.79102 -22899.07617 -22843.89844 -22732.67383 -22577.87109 -22571.80469 -22501.61719 -22467.3418 -22356.14258 -22102.47461 -21699.56055 -21508.97656 -21502.22852 -21410.45703 -21314.29688
# name: sarahjane_robert_naill
# type: matrix
# rows: 1
# columns: 35
 -28269.48828 -26469.47461 -25289.44531 -24875.17773 -24658.99609 -24612.16016 -24492.64258 -24483.86914 -23953.05664 -23901.13867 -23807.58203 -23719.82031 -23591.69141 -23544.77539 -23371.21875 -23367.46875 -23271.74219 -23250.19336 -22908.79102 -22899.07617 -22885.56641 -22843.89844 -22732.67383 -22577.87109 -22571.80469 -22523.13477 -22501.61719 -22467.3418 -22356.14258 -22102.47461 -21699.56055 -21508.97656 -21502.22852 -21410.45703 -21314.29688
# name: imposter
# type: matrix
# rows: 1
# columns: 55
 -34100.57422 -33569.92188 -33130.44531 -31317.06445 -29495.83203 -28694.0625 -28466.32227 -28269.48828 -27300.66406 -27222.45898 -27009.47852 -26469.47461 -25582.37891 -25289.44531 -24928.67773 -24875.17773 -24721.79492 -24658.99609 -24612.16016 -24599.60938 -24494.51953 -24492.64258 -24483.86914 -24332.63477 -24197.64453 -23977.28125 -23953.05664 -23901.13867 -23807.58203 -23719.82031 -23684.36133 -23625.60547 -23591.69141 -23544.77539 -23371.21875 -23367.46875 -23271.74219 -23250.19336 -22908.79102 -22899.07617 -22885.56641 -22843.89844 -22732.67383 -22577.87109 -22571.80469 -22523.13477 -22501.61719 -22467.3418 -22356.14258 -22102.47461 -21699.56055 -21508.97656 -21502.22852 -21410.45703 -21314.29688
